96
104
105
106
108
109
110
111
112
113
114
122
124
125
185
186
187
188
189
190
191
192
193
194
195
196
197
198
199
200
201
202
203
204
215
216
217
218
219
220
221
222
223
224
225
226
227
228
229
230
231
232
267
281
282
283
284
285
286
287
288
289
290
291
292
293
294
295
296
297
298
299
300
301
302
303
304
305
324
325
326
327
328
329
330
331
332
334
335
336
337
338
339
340
341
342
343
344
345
346
347
348
349
350
351
352
353
354
356
357
358
359
360
361
362
363
364
365
366
367
368
369
370
371
372
373
374
375
376
377
378
379
380
381
382
383
384
385
386
387
388
389
390
391
392
393
394
395
396
397
398
399
400
401
402
403
405
406
407
408
409
410
411
412
413
414
415
416
417
418
419
421
